UNITS=MM
#Layer_Color=9474304
#
#Feature symbol names
#
$0 r127

#
#Feature attribute names
#

#
#Layer features
#
L -0.254 21.6916 -0.254 21.9964 0 P 0
L -0.4064 21.844 -0.1016 21.844 0 P 0
L -0.77280008 10.98499962 -0.77280008 12.18499722 0 P 0
L -0.77280008 14.48500024 -0.77280008 15.68499784 0 P 0
L -1.37279888 11.58499842 -0.17280128 11.58499842 0 P 0
L -1.37279888 15.08499904 -0.17280128 15.08499904 0 P 0
L -1.524 3.9116 -1.524 4.2164 0 P 0
L -1.524 19.1516 -1.524 19.4564 0 P 0
L -1.6764 4.064 -1.3716 4.064 0 P 0
L -1.6764 19.304 -1.3716 19.304 0 P 0
L -1.74999904 0 1.74999904 0 0 P 0
L -1.74999904 26.67 1.74999904 26.67 0 P 0
L 0 -1.74999904 0 1.74999904 0 P 0
L 0 24.92000096 0 28.41999904 0 P 0
L 0.8636 4.064 1.1684 4.064 0 P 0
L 0.8636 19.304 1.1684 19.304 0 P 0
L 1.016 3.9116 1.016 4.2164 0 P 0
L 1.016 19.1516 1.016 19.4564 0 P 0
L 2.1336 21.844 2.4384 21.844 0 P 0
L 2.286 21.6916 2.286 21.9964 0 P 0
L 3.4036 -1.016 3.7084 -1.016 0 P 0
L 3.4036 4.064 3.7084 4.064 0 P 0
L 3.4036 19.304 3.7084 19.304 0 P 0
L 3.4036 24.384 3.7084 24.384 0 P 0
L 3.556 -1.1684 3.556 -0.8636 0 P 0
L 3.556 3.9116 3.556 4.2164 0 P 0
L 3.556 19.1516 3.556 19.4564 0 P 0
L 3.556 24.2316 3.556 24.5364 0 P 0
L 3.62720128 11.58499842 4.82719888 11.58499842 0 P 0
L 3.62720128 15.08499904 4.82719888 15.08499904 0 P 0
L 4.22720008 10.98499962 4.22720008 12.18499722 0 P 0
L 4.22720008 14.48500024 4.22720008 15.68499784 0 P 0
L 4.6736 1.524 4.9784 1.524 0 P 0
L 4.6736 21.844 4.9784 21.844 0 P 0
L 4.826 1.3716 4.826 1.6764 0 P 0
L 4.826 21.6916 4.826 21.9964 0 P 0
L 5.9436 -1.016 6.2484 -1.016 0 P 0
L 5.9436 4.064 6.2484 4.064 0 P 0
L 5.9436 19.304 6.2484 19.304 0 P 0
L 5.9436 24.384 6.2484 24.384 0 P 0
L 6.096 -1.1684 6.096 -0.8636 0 P 0
L 6.096 3.9116 6.096 4.2164 0 P 0
L 6.096 19.1516 6.096 19.4564 0 P 0
L 6.096 24.2316 6.096 24.5364 0 P 0
L 7.2136 1.524 7.5184 1.524 0 P 0
L 7.2136 21.844 7.5184 21.844 0 P 0
L 7.366 1.3716 7.366 1.6764 0 P 0
L 7.366 21.6916 7.366 21.9964 0 P 0
L 8.3566 5.334 8.6614 5.334 0 P 0
L 8.4836 -1.016 8.7884 -1.016 0 P 0
L 8.4836 4.064 8.7884 4.064 0 P 0
L 8.4836 6.985 8.7884 6.985 0 P 0
L 8.4836 8.001 8.7884 8.001 0 P 0
L 8.4836 9.144 8.7884 9.144 0 P 0
L 8.4836 19.05 8.7884 19.05 0 P 0
L 8.4836 20.32 8.7884 20.32 0 P 0
L 8.509 5.1816 8.509 5.4864 0 P 0
L 8.636 -1.1684 8.636 -0.8636 0 P 0
L 8.636 3.9116 8.636 4.2164 0 P 0
L 8.636 6.8326 8.636 7.1374 0 P 0
L 8.636 7.8486 8.636 8.1534 0 P 0
L 8.636 8.9916 8.636 9.2964 0 P 0
L 8.636 18.8976 8.636 19.2024 0 P 0
L 8.636 20.1676 8.636 20.4724 0 P 0
L 8.7376 17.399 9.0424 17.399 0 P 0
L 8.89 17.2466 8.89 17.5514 0 P 0
L 9.3726 -0.381 9.6774 -0.381 0 P 0
L 9.3726 -1.143 9.6774 -1.143 0 P 0
L 9.3726 1.143 9.6774 1.143 0 P 0
L 9.3726 2.032 9.6774 2.032 0 P 0
L 9.3726 3.048 9.6774 3.048 0 P 0
L 9.3726 4.572 9.6774 4.572 0 P 0
L 9.3726 5.334 9.6774 5.334 0 P 0
L 9.3726 20.447 9.6774 20.447 0 P 0
L 9.3726 22.225 9.6774 22.225 0 P 0
L 9.3726 23.114 9.6774 23.114 0 P 0
L 9.3726 24.13 9.6774 24.13 0 P 0
L 9.3726 25.781 9.6774 25.781 0 P 0
L 9.3726 26.67 9.6774 26.67 0 P 0
L 9.525 -0.5334 9.525 -0.2286 0 P 0
L 9.525 -1.2954 9.525 -0.9906 0 P 0
L 9.525 0.9906 9.525 1.2954 0 P 0
L 9.525 1.8796 9.525 2.1844 0 P 0
L 9.525 2.8956 9.525 3.2004 0 P 0
L 9.525 4.4196 9.525 4.7244 0 P 0
L 9.525 5.1816 9.525 5.4864 0 P 0
L 9.525 20.2946 9.525 20.5994 0 P 0
L 9.525 22.0726 9.525 22.3774 0 P 0
L 9.525 22.9616 9.525 23.2664 0 P 0
L 9.525 23.9776 9.525 24.2824 0 P 0
L 9.525 25.6286 9.525 25.9334 0 P 0
L 9.525 26.5176 9.525 26.8224 0 P 0
L 10.1346 -1.778 10.4394 -1.778 0 P 0
L 10.1346 27.178 10.4394 27.178 0 P 0
L 10.287 -1.9304 10.287 -1.6256 0 P 0
L 10.287 27.0256 10.287 27.3304 0 P 0
L 11.4046 -1.778 11.7094 -1.778 0 P 0
L 11.5316 27.178 11.8364 27.178 0 P 0
L 11.557 -1.9304 11.557 -1.6256 0 P 0
L 11.684 27.0256 11.684 27.3304 0 P 0
L 17.6911 12.6238 17.9959 12.6238 0 P 0
L 17.8435 12.4714 17.8435 12.7762 0 P 0
L 18.4277 12.6238 18.7325 12.6238 0 P 0
L 18.5801 12.4714 18.5801 12.7762 0 P 0
L 20.0406 16.891 20.3454 16.891 0 P 0
L 20.0406 18.796 20.3454 18.796 0 P 0
L 20.1676 6.477 20.4724 6.477 0 P 0
L 20.1676 8.382 20.4724 8.382 0 P 0
L 20.193 16.7386 20.193 17.0434 0 P 0
L 20.193 18.6436 20.193 18.9484 0 P 0
L 20.32 6.3246 20.32 6.6294 0 P 0
L 20.32 8.2296 20.32 8.5344 0 P 0
L 20.8026 27.178 21.1074 27.178 0 P 0
L 20.9296 18.669 21.2344 18.669 0 P 0
L 20.955 27.0256 20.955 27.3304 0 P 0
L 21.082 18.5166 21.082 18.8214 0 P 0
L 21.3106 6.223 21.6154 6.223 0 P 0
L 21.4376 19.431 21.7424 19.431 0 P 0
L 21.463 6.0706 21.463 6.3754 0 P 0
L 21.5646 -1.651 21.8694 -1.651 0 P 0
L 21.59 19.2786 21.59 19.5834 0 P 0
L 21.717 -1.8034 21.717 -1.4986 0 P 0
L 22.1996 27.178 22.5044 27.178 0 P 0
L 22.352 27.0256 22.352 27.3304 0 P 0
L 22.4536 6.604 22.7584 6.604 0 P 0
L 22.606 6.4516 22.606 6.7564 0 P 0
L 23.0886 -1.778 23.3934 -1.778 0 P 0
L 23.0886 20.066 23.3934 20.066 0 P 0
L 23.0886 20.828 23.3934 20.828 0 P 0
L 23.0886 22.479 23.3934 22.479 0 P 0
L 23.0886 23.368 23.3934 23.368 0 P 0
L 23.0886 24.13 23.3934 24.13 0 P 0
L 23.0886 25.654 23.3934 25.654 0 P 0
L 23.0886 26.543 23.3934 26.543 0 P 0
L 23.2156 -0.635 23.5204 -0.635 0 P 0
L 23.2156 1.524 23.5204 1.524 0 P 0
L 23.241 -1.9304 23.241 -1.6256 0 P 0
L 23.241 19.9136 23.241 20.2184 0 P 0
L 23.241 20.6756 23.241 20.9804 0 P 0
L 23.241 22.3266 23.241 22.6314 0 P 0
L 23.241 23.2156 23.241 23.5204 0 P 0
L 23.241 23.9776 23.241 24.2824 0 P 0
L 23.241 25.5016 23.241 25.8064 0 P 0
L 23.241 26.3906 23.241 26.6954 0 P 0
L 23.368 -0.7874 23.368 -0.4826 0 P 0
L 23.368 1.3716 23.368 1.6764 0 P 0
L 23.4696 4.572 23.7744 4.572 0 P 0
L 23.4696 5.461 23.7744 5.461 0 P 0
L 23.622 4.4196 23.622 4.7244 0 P 0
L 23.622 5.3086 23.622 5.6134 0 P 0
L 23.7236 19.304 24.0284 19.304 0 P 0
L 23.876 19.1516 23.876 19.4564 0 P 0
L 24.9936 1.524 25.2984 1.524 0 P 0
L 24.9936 6.604 25.2984 6.604 0 P 0
L 24.9936 21.844 25.2984 21.844 0 P 0
L 24.9936 26.924 25.2984 26.924 0 P 0
L 25.146 1.3716 25.146 1.6764 0 P 0
L 25.146 6.4516 25.146 6.7564 0 P 0
L 25.146 21.6916 25.146 21.9964 0 P 0
L 25.146 26.7716 25.146 27.0764 0 P 0
L 26.2636 -1.016 26.5684 -1.016 0 P 0
L 26.2636 4.064 26.5684 4.064 0 P 0
L 26.2636 19.304 26.5684 19.304 0 P 0
L 26.2636 24.384 26.5684 24.384 0 P 0
L 26.416 -1.1684 26.416 -0.8636 0 P 0
L 26.416 3.9116 26.416 4.2164 0 P 0
L 26.416 19.1516 26.416 19.4564 0 P 0
L 26.416 24.2316 26.416 24.5364 0 P 0
L 27.5336 1.524 27.8384 1.524 0 P 0
L 27.5336 6.604 27.8384 6.604 0 P 0
L 27.5336 21.844 27.8384 21.844 0 P 0
L 27.5336 26.924 27.8384 26.924 0 P 0
L 27.686 1.3716 27.686 1.6764 0 P 0
L 27.686 6.4516 27.686 6.7564 0 P 0
L 27.686 21.6916 27.686 21.9964 0 P 0
L 27.686 26.7716 27.686 27.0764 0 P 0
L 28.8036 4.064 29.1084 4.064 0 P 0
L 28.8036 19.304 29.1084 19.304 0 P 0
L 28.8036 24.384 29.1084 24.384 0 P 0
L 28.956 3.9116 28.956 4.2164 0 P 0
L 28.956 19.1516 28.956 19.4564 0 P 0
L 28.956 24.2316 28.956 24.5364 0 P 0
L 30.0736 6.604 30.3784 6.604 0 P 0
L 30.0736 11.684 30.3784 11.684 0 P 0
L 30.0736 16.764 30.3784 16.764 0 P 0
L 30.0736 21.844 30.3784 21.844 0 P 0
L 30.0736 26.924 30.3784 26.924 0 P 0
L 30.226 6.4516 30.226 6.7564 0 P 0
L 30.226 11.5316 30.226 11.8364 0 P 0
L 30.226 16.6116 30.226 16.9164 0 P 0
L 30.226 21.6916 30.226 21.9964 0 P 0
L 30.226 26.7716 30.226 27.0764 0 P 0
L 31.3436 4.064 31.6484 4.064 0 P 0
L 31.3436 9.144 31.6484 9.144 0 P 0
L 31.3436 14.224 31.6484 14.224 0 P 0
L 31.3436 19.304 31.6484 19.304 0 P 0
L 31.3436 24.384 31.6484 24.384 0 P 0
L 31.496 3.9116 31.496 4.2164 0 P 0
L 31.496 8.9916 31.496 9.2964 0 P 0
L 31.496 14.0716 31.496 14.3764 0 P 0
L 31.496 19.1516 31.496 19.4564 0 P 0
L 31.496 24.2316 31.496 24.5364 0 P 0
L 32.6136 1.524 32.9184 1.524 0 P 0
L 32.6136 6.604 32.9184 6.604 0 P 0
L 32.6136 11.684 32.9184 11.684 0 P 0
L 32.6136 16.764 32.9184 16.764 0 P 0
L 32.6136 26.924 32.9184 26.924 0 P 0
L 32.766 1.3716 32.766 1.6764 0 P 0
L 32.766 6.4516 32.766 6.7564 0 P 0
L 32.766 11.5316 32.766 11.8364 0 P 0
L 32.766 16.6116 32.766 16.9164 0 P 0
L 32.766 26.7716 32.766 27.0764 0 P 0
L 33.8836 -1.016 34.1884 -1.016 0 P 0
L 33.8836 4.064 34.1884 4.064 0 P 0
L 33.8836 9.144 34.1884 9.144 0 P 0
L 33.8836 19.304 34.1884 19.304 0 P 0
L 34.036 -1.1684 34.036 -0.8636 0 P 0
L 34.036 3.9116 34.036 4.2164 0 P 0
L 34.036 8.9916 34.036 9.2964 0 P 0
L 34.036 19.1516 34.036 19.4564 0 P 0
L 35.1536 1.524 35.4584 1.524 0 P 0
L 35.1536 6.604 35.4584 6.604 0 P 0
L 35.1536 16.764 35.4584 16.764 0 P 0
L 35.1536 26.924 35.4584 26.924 0 P 0
L 35.306 1.3716 35.306 1.6764 0 P 0
L 35.306 6.4516 35.306 6.7564 0 P 0
L 35.306 16.6116 35.306 16.9164 0 P 0
L 35.306 26.7716 35.306 27.0764 0 P 0
L 36.4236 -1.016 36.7284 -1.016 0 P 0
L 36.4236 4.064 36.7284 4.064 0 P 0
L 36.4236 9.144 36.7284 9.144 0 P 0
L 36.576 -1.1684 36.576 -0.8636 0 P 0
L 36.576 3.9116 36.576 4.2164 0 P 0
L 36.576 8.9916 36.576 9.2964 0 P 0
L 36.9316 20.828 37.2364 20.828 0 P 0
L 36.9316 21.59 37.2364 21.59 0 P 0
L 36.9316 22.352 37.2364 22.352 0 P 0
L 36.9316 23.114 37.2364 23.114 0 P 0
L 36.9316 23.876 37.2364 23.876 0 P 0
L 37.084 20.6756 37.084 20.9804 0 P 0
L 37.084 21.4376 37.084 21.7424 0 P 0
L 37.084 22.1996 37.084 22.5044 0 P 0
L 37.084 22.9616 37.084 23.2664 0 P 0
L 37.084 23.7236 37.084 24.0284 0 P 0
L 37.5666 3.429 37.8714 3.429 0 P 0
L 37.5666 4.191 37.8714 4.191 0 P 0
L 37.5666 5.588 37.8714 5.588 0 P 0
L 37.57753216 4.87056684 37.88233216 4.87056684 0 P 0
L 37.6936 1.524 37.9984 1.524 0 P 0
L 37.6936 6.604 37.9984 6.604 0 P 0
L 37.719 3.2766 37.719 3.5814 0 P 0
L 37.719 4.0386 37.719 4.3434 0 P 0
L 37.719 5.4356 37.719 5.7404 0 P 0
L 37.72993216 4.71816684 37.72993216 5.02296684 0 P 0
L 37.846 1.3716 37.846 1.6764 0 P 0
L 37.846 6.4516 37.846 6.7564 0 P 0
L 37.9476 20.828 38.2524 20.828 0 P 0
L 37.9476 21.59 38.2524 21.59 0 P 0
L 37.9476 22.352 38.2524 22.352 0 P 0
L 37.9476 23.114 38.2524 23.114 0 P 0
L 37.9476 23.876 38.2524 23.876 0 P 0
L 38.0746 28.448 38.3794 28.448 0 P 0
L 38.1 20.6756 38.1 20.9804 0 P 0
L 38.1 21.4376 38.1 21.7424 0 P 0
L 38.1 22.1996 38.1 22.5044 0 P 0
L 38.1 22.9616 38.1 23.2664 0 P 0
L 38.1 23.7236 38.1 24.0284 0 P 0
L 38.227 28.2956 38.227 28.6004 0 P 0
L 38.3286 3.429 38.6334 3.429 0 P 0
L 38.3286 4.191 38.6334 4.191 0 P 0
L 38.3286 5.588 38.6334 5.588 0 P 0
L 38.33953216 4.87056684 38.64433216 4.87056684 0 P 0
L 38.481 3.2766 38.481 3.5814 0 P 0
L 38.481 4.0386 38.481 4.3434 0 P 0
L 38.481 5.4356 38.481 5.7404 0 P 0
L 38.49193216 4.71816684 38.49193216 5.02296684 0 P 0
L 38.8366 22.86 39.1414 22.86 0 P 0
L 38.8366 23.876 39.1414 23.876 0 P 0
L 38.989 22.7076 38.989 23.0124 0 P 0
L 38.989 23.7236 38.989 24.0284 0 P 0
L 39.5986 22.86 39.9034 22.86 0 P 0
L 39.5986 23.876 39.9034 23.876 0 P 0
L 39.7256 17.399 40.0304 17.399 0 P 0
L 39.7256 18.923 40.0304 18.923 0 P 0
L 39.7256 20.447 40.0304 20.447 0 P 0
L 39.7256 28.448 40.0304 28.448 0 P 0
L 39.751 22.7076 39.751 23.0124 0 P 0
L 39.751 23.7236 39.751 24.0284 0 P 0
L 39.8526 3.429 40.1574 3.429 0 P 0
L 39.878 17.2466 39.878 17.5514 0 P 0
L 39.878 18.7706 39.878 19.0754 0 P 0
L 39.878 20.2946 39.878 20.5994 0 P 0
L 39.878 28.2956 39.878 28.6004 0 P 0
L 40.005 3.2766 40.005 3.5814 0 P 0
L 40.2336 1.524 40.5384 1.524 0 P 0
L 40.3606 22.86 40.6654 22.86 0 P 0
L 40.3606 23.876 40.6654 23.876 0 P 0
L 40.386 1.3716 40.386 1.6764 0 P 0
L 40.513 22.7076 40.513 23.0124 0 P 0
L 40.513 23.7236 40.513 24.0284 0 P 0
L 40.6146 3.429 40.9194 3.429 0 P 0
L 40.767 3.2766 40.767 3.5814 0 P 0
L 41.1226 22.86 41.4274 22.86 0 P 0
L 41.1226 23.876 41.4274 23.876 0 P 0
L 41.275 22.7076 41.275 23.0124 0 P 0
L 41.275 23.7236 41.275 24.0284 0 P 0
L 41.3766 3.429 41.6814 3.429 0 P 0
L 41.529 3.2766 41.529 3.5814 0 P 0
L 41.6306 17.399 41.9354 17.399 0 P 0
L 41.6306 18.923 41.9354 18.923 0 P 0
L 41.6306 20.32 41.9354 20.32 0 P 0
L 41.6306 28.448 41.9354 28.448 0 P 0
L 41.783 17.2466 41.783 17.5514 0 P 0
L 41.783 18.7706 41.783 19.0754 0 P 0
L 41.783 20.1676 41.783 20.4724 0 P 0
L 41.783 28.2956 41.783 28.6004 0 P 0
L 41.81833648 26.67950976 42.12313648 26.67950976 0 P 0
L 41.8846 22.86 42.1894 22.86 0 P 0
L 41.8846 23.876 42.1894 23.876 0 P 0
L 41.97073648 26.52710976 41.97073648 26.83190976 0 P 0
L 42.037 22.7076 42.037 23.0124 0 P 0
L 42.037 23.7236 42.037 24.0284 0 P 0
L 42.1386 3.429 42.4434 3.429 0 P 0
L 42.291 3.2766 42.291 3.5814 0 P 0
L 42.6466 22.86 42.9514 22.86 0 P 0
L 42.6466 23.876 42.9514 23.876 0 P 0
L 42.7736 1.524 43.0784 1.524 0 P 0
L 42.799 22.7076 42.799 23.0124 0 P 0
L 42.799 23.7236 42.799 24.0284 0 P 0
L 42.9006 3.429 43.2054 3.429 0 P 0
L 42.926 1.3716 42.926 1.6764 0 P 0
L 43.053 3.2766 43.053 3.5814 0 P 0
L 43.4086 22.86 43.7134 22.86 0 P 0
L 43.4086 23.876 43.7134 23.876 0 P 0
L 43.5356 17.399 43.8404 17.399 0 P 0
L 43.5356 18.923 43.8404 18.923 0 P 0
L 43.5356 20.447 43.8404 20.447 0 P 0
L 43.561 22.7076 43.561 23.0124 0 P 0
L 43.561 23.7236 43.561 24.0284 0 P 0
L 43.688 17.2466 43.688 17.5514 0 P 0
L 43.688 18.7706 43.688 19.0754 0 P 0
L 43.688 20.2946 43.688 20.5994 0 P 0
L 43.7896 28.448 44.0944 28.448 0 P 0
L 43.942 28.2956 43.942 28.6004 0 P 0
L 44.1706 22.86 44.4754 22.86 0 P 0
L 44.1706 23.876 44.4754 23.876 0 P 0
L 44.323 22.7076 44.323 23.0124 0 P 0
L 44.323 23.7236 44.323 24.0284 0 P 0
L 44.9326 22.86 45.2374 22.86 0 P 0
L 44.9326 23.876 45.2374 23.876 0 P 0
L 45.0596 20.574 45.3644 20.574 0 P 0
L 45.0596 21.336 45.3644 21.336 0 P 0
L 45.0596 22.098 45.3644 22.098 0 P 0
L 45.085 22.7076 45.085 23.0124 0 P 0
L 45.085 23.7236 45.085 24.0284 0 P 0
L 45.212 20.4216 45.212 20.7264 0 P 0
L 45.212 21.1836 45.212 21.4884 0 P 0
L 45.212 21.9456 45.212 22.2504 0 P 0
L 45.3136 1.524 45.6184 1.524 0 P 0
L 45.3136 4.572 45.6184 4.572 0 P 0
L 45.466 1.3716 45.466 1.6764 0 P 0
L 45.466 4.4196 45.466 4.7244 0 P 0
L 45.6946 26.543 45.9994 26.543 0 P 0
L 45.8216 28.575 46.1264 28.575 0 P 0
L 45.847 26.3906 45.847 26.6954 0 P 0
L 45.87760192 11.938 46.18240192 11.938 0 P 0
L 45.9486 20.574 46.2534 20.574 0 P 0
L 45.9486 21.336 46.2534 21.336 0 P 0
L 45.9486 22.098 46.2534 22.098 0 P 0
L 45.974 28.4226 45.974 28.7274 0 P 0
L 46.03000192 11.7856 46.03000192 12.0904 0 P 0
L 46.101 20.4216 46.101 20.7264 0 P 0
L 46.101 21.1836 46.101 21.4884 0 P 0
L 46.101 21.9456 46.101 22.2504 0 P 0
L 46.5836 4.064 46.8884 4.064 0 P 0
L 46.7106 22.987 47.0154 22.987 0 P 0
L 46.736 3.9116 46.736 4.2164 0 P 0
L 46.863 22.8346 46.863 23.1394 0 P 0
L 47.5996 22.987 47.9044 22.987 0 P 0
L 47.752 22.8346 47.752 23.1394 0 P 0
L 47.8536 1.524 48.1584 1.524 0 P 0
L 48.006 1.3716 48.006 1.6764 0 P 0
L 48.2346 14.478 48.5394 14.478 0 P 0
L 48.387 14.3256 48.387 14.6304 0 P 0
L 48.4886 5.969 48.7934 5.969 0 P 0
L 48.6156 28.448 48.9204 28.448 0 P 0
L 48.641 5.8166 48.641 6.1214 0 P 0
L 48.768 28.2956 48.768 28.6004 0 P 0
L 48.8696 15.1638 49.1744 15.1638 0 P 0
L 49.022 15.0114 49.022 15.3162 0 P 0
L 49.1236 4.064 49.4284 4.064 0 P 0
L 49.2506 12.446 49.5554 12.446 0 P 0
L 49.276 3.9116 49.276 4.2164 0 P 0
L 49.403 12.2936 49.403 12.5984 0 P 0
L 49.5046 22.987 49.8094 22.987 0 P 0
L 49.657 22.8346 49.657 23.1394 0 P 0
L 50.2666 16.764 50.5714 16.764 0 P 0
L 50.3936 1.524 50.6984 1.524 0 P 0
L 50.3936 22.987 50.6984 22.987 0 P 0
L 50.419 16.6116 50.419 16.9164 0 P 0
L 50.546 1.3716 50.546 1.6764 0 P 0
L 50.546 22.8346 50.546 23.1394 0 P 0
L 51.0286 16.764 51.3334 16.764 0 P 0
L 51.1556 12.573 51.4604 12.573 0 P 0
L 51.181 16.6116 51.181 16.9164 0 P 0
L 51.308 12.4206 51.308 12.7254 0 P 0
L 51.4096 28.448 51.7144 28.448 0 P 0
L 51.562 28.2956 51.562 28.6004 0 P 0
L 51.6636 4.064 51.9684 4.064 0 P 0
L 51.7906 19.177 52.0954 19.177 0 P 0
L 51.816 3.9116 51.816 4.2164 0 P 0
L 51.816 16.6116 52.1208 16.6116 0 P 0
L 51.943 19.0246 51.943 19.3294 0 P 0
L 51.9684 16.4592 51.9684 16.764 0 P 0
L 52.0446 5.461 52.3494 5.461 0 P 0
L 52.1716 15.24 52.4764 15.24 0 P 0
L 52.197 5.3086 52.197 5.6134 0 P 0
L 52.2986 22.987 52.6034 22.987 0 P 0
L 52.324 15.0876 52.324 15.3924 0 P 0
L 52.451 22.8346 52.451 23.1394 0 P 0
L 52.9336 1.524 53.2384 1.524 0 P 0
L 53.0606 5.461 53.3654 5.461 0 P 0
L 53.086 1.3716 53.086 1.6764 0 P 0
L 53.1876 22.987 53.4924 22.987 0 P 0
L 53.213 5.3086 53.213 5.6134 0 P 0
L 53.34 22.8346 53.34 23.1394 0 P 0
L 53.47200126 12.7 53.67200086 12.7 0 P 0
L 53.57200106 12.6000002 53.57200106 12.7999998 0 P 0
L 54.0766 28.448 54.3814 28.448 0 P 0
L 54.2036 4.064 54.5084 4.064 0 P 0
L 54.229 9.3218 54.5338 9.3218 0 P 0
L 54.229 28.2956 54.229 28.6004 0 P 0
L 54.356 3.9116 54.356 4.2164 0 P 0
L 54.3814 9.1694 54.3814 9.4742 0 P 0
L 54.51131084 15.40484854 54.81611084 15.40484854 0 P 0
L 54.59199902 11.89999906 54.79199862 11.89999906 0 P 0
L 54.59199902 12.7 54.79199862 12.7 0 P 0
L 54.59199902 13.50000094 54.79199862 13.50000094 0 P 0
L 54.66371084 15.25244854 54.66371084 15.55724854 0 P 0
L 54.69199882 11.79999926 54.69199882 11.99999886 0 P 0
L 54.69199882 12.6000002 54.69199882 12.7999998 0 P 0
L 54.69199882 13.40000114 54.69199882 13.60000074 0 P 0
L 55.0926 22.987 55.3974 22.987 0 P 0
L 55.245 22.8346 55.245 23.1394 0 P 0
L 55.4736 1.524 55.7784 1.524 0 P 0
L 55.626 1.3716 55.626 1.6764 0 P 0
L 55.8673 5.5118 56.1721 5.5118 0 P 0
L 55.95200138 11.89999906 56.15200098 11.89999906 0 P 0
L 55.95200138 12.7 56.15200098 12.7 0 P 0
L 55.95200138 13.50000094 56.15200098 13.50000094 0 P 0
L 55.9816 22.987 56.2864 22.987 0 P 0
L 56.0197 5.3594 56.0197 5.6642 0 P 0
L 56.05200118 11.79999926 56.05200118 11.99999886 0 P 0
L 56.05200118 12.6000002 56.05200118 12.7999998 0 P 0
L 56.05200118 13.40000114 56.05200118 13.60000074 0 P 0
L 56.134 22.8346 56.134 23.1394 0 P 0
L 56.6039 5.5118 56.9087 5.5118 0 P 0
L 56.7563 5.3594 56.7563 5.6642 0 P 0
L 56.9976 28.448 57.3024 28.448 0 P 0
L 57.07199914 12.7 57.27199874 12.7 0 P 0
L 57.15 28.2956 57.15 28.6004 0 P 0
L 57.17199894 12.6000002 57.17199894 12.7999998 0 P 0
L 57.8866 22.987 58.1914 22.987 0 P 0
L 58.0136 1.524 58.3184 1.524 0 P 0
L 58.039 22.8346 58.039 23.1394 0 P 0
L 58.1406 5.715 58.4454 5.715 0 P 0
L 58.166 1.3716 58.166 1.6764 0 P 0
L 58.293 5.5626 58.293 5.8674 0 P 0
L 58.6486 10.16 58.9534 10.16 0 P 0
L 58.7756 22.987 59.0804 22.987 0 P 0
L 58.801 10.0076 58.801 10.3124 0 P 0
L 58.9026 14.351 59.2074 14.351 0 P 0
L 58.928 22.8346 58.928 23.1394 0 P 0
L 59.0296 7.747 59.3344 7.747 0 P 0
L 59.0296 11.176 59.3344 11.176 0 P 0
L 59.055 14.1986 59.055 14.5034 0 P 0
L 59.182 7.5946 59.182 7.8994 0 P 0
L 59.182 11.0236 59.182 11.3284 0 P 0
L 59.2836 4.064 59.5884 4.064 0 P 0
L 59.2836 9.144 59.5884 9.144 0 P 0
L 59.436 3.9116 59.436 4.2164 0 P 0
L 59.436 8.9916 59.436 9.2964 0 P 0
L 59.6646 13.081 59.9694 13.081 0 P 0
L 59.7916 28.448 60.0964 28.448 0 P 0
L 59.817 12.9286 59.817 13.2334 0 P 0
L 59.944 28.2956 59.944 28.6004 0 P 0
L 60.5536 1.524 60.8584 1.524 0 P 0
L 60.5536 12.319 60.8584 12.319 0 P 0
L 60.5536 22.987 60.8584 22.987 0 P 0
L 60.706 1.3716 60.706 1.6764 0 P 0
L 60.706 12.1666 60.706 12.4714 0 P 0
L 60.706 22.8346 60.706 23.1394 0 P 0
L 61.4426 22.987 61.7474 22.987 0 P 0
L 61.595 22.8346 61.595 23.1394 0 P 0
L 61.8236 -1.016 62.1284 -1.016 0 P 0
L 61.8236 9.144 62.1284 9.144 0 P 0
L 61.8236 14.732 62.1284 14.732 0 P 0
L 61.9506 13.335 62.2554 13.335 0 P 0
L 61.976 -1.1684 61.976 -0.8636 0 P 0
L 61.976 8.9916 61.976 9.2964 0 P 0
L 61.976 14.5796 61.976 14.8844 0 P 0
L 62.0776 10.922 62.3824 10.922 0 P 0
L 62.0776 12.192 62.3824 12.192 0 P 0
L 62.103 13.1826 62.103 13.4874 0 P 0
L 62.23 10.7696 62.23 11.0744 0 P 0
L 62.23 12.0396 62.23 12.3444 0 P 0
L 62.5856 28.448 62.8904 28.448 0 P 0
L 62.738 28.2956 62.738 28.6004 0 P 0
L 63.0936 1.524 63.3984 1.524 0 P 0
L 63.0936 11.684 63.3984 11.684 0 P 0
L 63.246 1.3716 63.246 1.6764 0 P 0
L 63.246 11.5316 63.246 11.8364 0 P 0
L 63.4746 22.86 63.7794 22.86 0 P 0
L 63.4746 23.749 63.7794 23.749 0 P 0
L 63.4746 24.638 63.7794 24.638 0 P 0
L 63.4746 25.527 63.7794 25.527 0 P 0
L 63.4746 26.416 63.7794 26.416 0 P 0
L 63.627 22.7076 63.627 23.0124 0 P 0
L 63.627 23.5966 63.627 23.9014 0 P 0
L 63.627 24.4856 63.627 24.7904 0 P 0
L 63.627 25.3746 63.627 25.6794 0 P 0
L 63.627 26.2636 63.627 26.5684 0 P 0
L 63.8556 18.796 64.1604 18.796 0 P 0
L 64.008 18.6436 64.008 18.9484 0 P 0
L 64.2366 22.352 64.5414 22.352 0 P 0
L 64.2366 23.241 64.5414 23.241 0 P 0
L 64.2366 24.13 64.5414 24.13 0 P 0
L 64.2366 25.019 64.5414 25.019 0 P 0
L 64.2366 25.908 64.5414 25.908 0 P 0
L 64.3636 -1.016 64.6684 -1.016 0 P 0
L 64.3636 9.144 64.6684 9.144 0 P 0
L 64.3636 14.224 64.6684 14.224 0 P 0
L 64.389 22.1996 64.389 22.5044 0 P 0
L 64.389 23.0886 64.389 23.3934 0 P 0
L 64.389 23.9776 64.389 24.2824 0 P 0
L 64.389 24.8666 64.389 25.1714 0 P 0
L 64.389 25.7556 64.389 26.0604 0 P 0
L 64.4906 28.448 64.7954 28.448 0 P 0
L 64.516 -1.1684 64.516 -0.8636 0 P 0
L 64.516 8.9916 64.516 9.2964 0 P 0
L 64.516 14.0716 64.516 14.3764 0 P 0
L 64.643 28.2956 64.643 28.6004 0 P 0
L 64.9986 22.733 65.3034 22.733 0 P 0
L 64.9986 23.622 65.3034 23.622 0 P 0
L 64.9986 24.511 65.3034 24.511 0 P 0
L 64.9986 25.4 65.3034 25.4 0 P 0
L 64.9986 26.289 65.3034 26.289 0 P 0
L 65.151 22.5806 65.151 22.8854 0 P 0
L 65.151 23.4696 65.151 23.7744 0 P 0
L 65.151 24.3586 65.151 24.6634 0 P 0
L 65.151 25.2476 65.151 25.5524 0 P 0
L 65.151 26.1366 65.151 26.4414 0 P 0
L 65.6336 1.524 65.9384 1.524 0 P 0
L 65.6336 11.684 65.9384 11.684 0 P 0
L 65.6336 16.764 65.9384 16.764 0 P 0
L 65.7606 22.352 66.0654 22.352 0 P 0
L 65.7606 23.241 66.0654 23.241 0 P 0
L 65.7606 24.13 66.0654 24.13 0 P 0
L 65.7606 25.019 66.0654 25.019 0 P 0
L 65.7606 25.908 66.0654 25.908 0 P 0
L 65.786 1.3716 65.786 1.6764 0 P 0
L 65.786 11.5316 65.786 11.8364 0 P 0
L 65.786 16.6116 65.786 16.9164 0 P 0
L 65.913 22.1996 65.913 22.5044 0 P 0
L 65.913 23.0886 65.913 23.3934 0 P 0
L 65.913 23.9776 65.913 24.2824 0 P 0
L 65.913 24.8666 65.913 25.1714 0 P 0
L 65.913 25.7556 65.913 26.0604 0 P 0
L 66.3956 16.891 66.7004 16.891 0 P 0
L 66.5226 22.86 66.8274 22.86 0 P 0
L 66.5226 23.749 66.8274 23.749 0 P 0
L 66.5226 24.638 66.8274 24.638 0 P 0
L 66.5226 25.527 66.8274 25.527 0 P 0
L 66.5226 26.416 66.8274 26.416 0 P 0
L 66.548 16.7386 66.548 17.0434 0 P 0
L 66.675 22.7076 66.675 23.0124 0 P 0
L 66.675 23.5966 66.675 23.9014 0 P 0
L 66.675 24.4856 66.675 24.7904 0 P 0
L 66.675 25.3746 66.675 25.6794 0 P 0
L 66.675 26.2636 66.675 26.5684 0 P 0
L 66.9036 -1.016 67.2084 -1.016 0 P 0
L 66.9036 4.064 67.2084 4.064 0 P 0
L 67.056 -1.1684 67.056 -0.8636 0 P 0
L 67.056 3.9116 67.056 4.2164 0 P 0
L 67.1576 28.575 67.4624 28.575 0 P 0
L 67.31 28.4226 67.31 28.7274 0 P 0
L 68.1736 1.524 68.4784 1.524 0 P 0
L 68.1736 6.604 68.4784 6.604 0 P 0
L 68.326 1.3716 68.326 1.6764 0 P 0
L 68.326 6.4516 68.326 6.7564 0 P 0
L 69.1896 28.448 69.4944 28.448 0 P 0
L 69.342 28.2956 69.342 28.6004 0 P 0
L 69.4436 -1.016 69.7484 -1.016 0 P 0
L 69.596 -1.1684 69.596 -0.8636 0 P 0
L 70.7136 6.604 71.0184 6.604 0 P 0
L 70.866 6.4516 70.866 6.7564 0 P 0
L 71.6026 28.448 71.9074 28.448 0 P 0
L 71.755 28.2956 71.755 28.6004 0 P 0
L 71.9836 -1.016 72.2884 -1.016 0 P 0
L 72.136 -1.1684 72.136 -0.8636 0 P 0
L 73.2536 6.604 73.5584 6.604 0 P 0
L 73.406 6.4516 73.406 6.7564 0 P 0
L 73.8886 27.559 74.1934 27.559 0 P 0
L 74.0156 22.86 74.3204 22.86 0 P 0
L 74.0156 25.4 74.3204 25.4 0 P 0
L 74.041 27.4066 74.041 27.7114 0 P 0
L 74.1426 19.812 74.4474 19.812 0 P 0
L 74.168 22.7076 74.168 23.0124 0 P 0
L 74.168 25.2476 74.168 25.5524 0 P 0
L 74.295 19.6596 74.295 19.9644 0 P 0
L 74.5236 -1.016 74.8284 -1.016 0 P 0
L 74.676 -1.1684 74.676 -0.8636 0 P 0
L 75.4126 28.448 75.7174 28.448 0 P 0
L 75.565 28.2956 75.565 28.6004 0 P 0
L 75.7936 6.604 76.0984 6.604 0 P 0
L 75.7936 11.684 76.0984 11.684 0 P 0
L 75.7936 16.764 76.0984 16.764 0 P 0
L 75.946 6.4516 75.946 6.7564 0 P 0
L 75.946 11.5316 75.946 11.8364 0 P 0
L 75.946 16.6116 75.946 16.9164 0 P 0
L 77.0636 -1.016 77.3684 -1.016 0 P 0
L 77.0636 9.144 77.3684 9.144 0 P 0
L 77.0636 14.224 77.3684 14.224 0 P 0
L 77.216 -1.1684 77.216 -0.8636 0 P 0
L 77.216 8.9916 77.216 9.2964 0 P 0
L 77.216 14.0716 77.216 14.3764 0 P 0
L 78.3336 6.604 78.6384 6.604 0 P 0
L 78.3336 16.764 78.6384 16.764 0 P 0
L 78.486 6.4516 78.486 6.7564 0 P 0
L 78.486 16.6116 78.486 16.9164 0 P 0
L 78.8416 28.575 79.1464 28.575 0 P 0
L 78.994 28.4226 78.994 28.7274 0 P 0
L 79.6036 -1.016 79.9084 -1.016 0 P 0
L 79.6036 9.144 79.9084 9.144 0 P 0
L 79.6036 17.018 79.9084 17.018 0 P 0
L 79.756 -1.1684 79.756 -0.8636 0 P 0
L 79.756 8.9916 79.756 9.2964 0 P 0
L 79.756 16.8656 79.756 17.1704 0 P 0
L 80.8736 1.524 81.1784 1.524 0 P 0
L 80.8736 6.604 81.1784 6.604 0 P 0
L 80.8736 16.764 81.1784 16.764 0 P 0
L 81.0006 15.875 81.3054 15.875 0 P 0
L 81.026 1.3716 81.026 1.6764 0 P 0
L 81.026 6.4516 81.026 6.7564 0 P 0
L 81.026 16.6116 81.026 16.9164 0 P 0
L 81.153 15.7226 81.153 16.0274 0 P 0
L 81.7626 4.953 82.0674 4.953 0 P 0
L 81.8896 0.762 82.1944 0.762 0 P 0
L 81.915 4.8006 81.915 5.1054 0 P 0
L 82.042 0.6096 82.042 0.9144 0 P 0
L 82.1436 -1.016 82.4484 -1.016 0 P 0
L 82.1436 9.144 82.4484 9.144 0 P 0
L 82.1436 14.224 82.4484 14.224 0 P 0
L 82.1436 19.304 82.4484 19.304 0 P 0
L 82.296 -1.1684 82.296 -0.8636 0 P 0
L 82.296 8.9916 82.296 9.2964 0 P 0
L 82.296 14.0716 82.296 14.3764 0 P 0
L 82.296 19.1516 82.296 19.4564 0 P 0
L 82.3792104 28.59060576 82.6840104 28.59060576 0 P 0
L 82.5316104 28.43820576 82.5316104 28.74300576 0 P 0
L 82.6516 18.542 82.9564 18.542 0 P 0
L 82.804 18.3896 82.804 18.6944 0 P 0
L 83.4136 1.524 83.7184 1.524 0 P 0
L 83.4136 6.604 83.7184 6.604 0 P 0
L 83.4136 11.684 83.7184 11.684 0 P 0
L 83.5406 3.048 83.8454 3.048 0 P 0
L 83.566 1.3716 83.566 1.6764 0 P 0
L 83.566 6.4516 83.566 6.7564 0 P 0
L 83.566 11.5316 83.566 11.8364 0 P 0
L 83.693 2.8956 83.693 3.2004 0 P 0
L 84.6836 -1.016 84.9884 -1.016 0 P 0
L 84.6836 4.064 84.9884 4.064 0 P 0
L 84.836 -1.1684 84.836 -0.8636 0 P 0
L 84.836 3.9116 84.836 4.2164 0 P 0
L 85.9536 1.524 86.2584 1.524 0 P 0
L 85.9536 6.604 86.2584 6.604 0 P 0
L 85.9536 26.924 86.2584 26.924 0 P 0
L 86.0806 20.066 86.3854 20.066 0 P 0
L 86.0806 21.59 86.3854 21.59 0 P 0
L 86.0806 22.86 86.3854 22.86 0 P 0
L 86.106 1.3716 86.106 1.6764 0 P 0
L 86.106 6.4516 86.106 6.7564 0 P 0
L 86.106 26.7716 86.106 27.0764 0 P 0
L 86.2076 25.654 86.5124 25.654 0 P 0
L 86.233 19.9136 86.233 20.2184 0 P 0
L 86.233 21.4376 86.233 21.7424 0 P 0
L 86.233 22.7076 86.233 23.0124 0 P 0
L 86.3346 13.843 86.6394 13.843 0 P 0
L 86.36 25.5016 86.36 25.8064 0 P 0
L 86.4616 28.321 86.7664 28.321 0 P 0
L 86.487 13.6906 86.487 13.9954 0 P 0
L 86.614 28.1686 86.614 28.4734 0 P 0
L 87.2236 -1.016 87.5284 -1.016 0 P 0
L 87.2236 4.064 87.5284 4.064 0 P 0
L 87.3506 20.066 87.6554 20.066 0 P 0
L 87.3506 21.59 87.6554 21.59 0 P 0
L 87.3506 22.86 87.6554 22.86 0 P 0
L 87.376 -1.1684 87.376 -0.8636 0 P 0
L 87.376 3.9116 87.376 4.2164 0 P 0
L 87.503 19.9136 87.503 20.2184 0 P 0
L 87.503 21.4376 87.503 21.7424 0 P 0
L 87.503 22.7076 87.503 23.0124 0 P 0
L 88.34000112 11.58500096 89.53999872 11.58500096 0 P 0
L 88.34000112 15.08500158 89.53999872 15.08500158 0 P 0
L 88.4936 1.524 88.7984 1.524 0 P 0
L 88.4936 6.604 88.7984 6.604 0 P 0
L 88.4936 20.066 88.7984 20.066 0 P 0
L 88.4936 21.59 88.7984 21.59 0 P 0
L 88.4936 22.86 88.7984 22.86 0 P 0
L 88.4936 26.924 88.7984 26.924 0 P 0
L 88.646 1.3716 88.646 1.6764 0 P 0
L 88.646 6.4516 88.646 6.7564 0 P 0
L 88.646 19.9136 88.646 20.2184 0 P 0
L 88.646 21.4376 88.646 21.7424 0 P 0
L 88.646 22.7076 88.646 23.0124 0 P 0
L 88.646 26.7716 88.646 27.0764 0 P 0
L 88.7476 25.781 89.0524 25.781 0 P 0
L 88.9 25.6286 88.9 25.9334 0 P 0
L 88.93999992 10.98500216 88.93999992 12.18499976 0 P 0
L 88.93999992 14.48500278 88.93999992 15.68500038 0 P 0
L 89.31161208 28.28540952 89.61641208 28.28540952 0 P 0
L 89.46401208 28.13300952 89.46401208 28.43780952 0 P 0
L 89.7636 -1.016 90.0684 -1.016 0 P 0
L 89.7636 4.064 90.0684 4.064 0 P 0
L 89.916 -1.1684 89.916 -0.8636 0 P 0
L 89.916 3.9116 89.916 4.2164 0 P 0
L 91.0336 6.604 91.3384 6.604 0 P 0
L 91.0336 13.843 91.3384 13.843 0 P 0
L 91.186 6.4516 91.186 6.7564 0 P 0
L 91.186 13.6906 91.186 13.9954 0 P 0
L 91.4146 19.304 91.7194 19.304 0 P 0
L 91.4146 20.193 91.7194 20.193 0 P 0
L 91.4146 21.082 91.7194 21.082 0 P 0
L 91.4146 21.971 91.7194 21.971 0 P 0
L 91.4146 22.86 91.7194 22.86 0 P 0
L 91.46800096 0 94.96799904 0 0 P 0
L 91.46800096 26.67 94.96799904 26.67 0 P 0
L 91.567 19.1516 91.567 19.4564 0 P 0
L 91.567 20.0406 91.567 20.3454 0 P 0
L 91.567 20.9296 91.567 21.2344 0 P 0
L 91.567 21.8186 91.567 22.1234 0 P 0
L 91.567 22.7076 91.567 23.0124 0 P 0
L 92.1766 18.796 92.4814 18.796 0 P 0
L 92.1766 19.685 92.4814 19.685 0 P 0
L 92.1766 20.574 92.4814 20.574 0 P 0
L 92.1766 21.463 92.4814 21.463 0 P 0
L 92.1766 22.352 92.4814 22.352 0 P 0
L 92.3036 4.064 92.6084 4.064 0 P 0
L 92.329 18.6436 92.329 18.9484 0 P 0
L 92.329 19.5326 92.329 19.8374 0 P 0
L 92.329 20.4216 92.329 20.7264 0 P 0
L 92.329 21.3106 92.329 21.6154 0 P 0
L 92.329 22.1996 92.329 22.5044 0 P 0
L 92.456 3.9116 92.456 4.2164 0 P 0
L 92.9386 19.177 93.2434 19.177 0 P 0
L 92.9386 20.955 93.2434 20.955 0 P 0
L 92.9386 21.844 93.2434 21.844 0 P 0
L 92.9386 22.86 93.2434 22.86 0 P 0
L 92.95570944 20.14040168 93.26050944 20.14040168 0 P 0
L 93.091 19.0246 93.091 19.3294 0 P 0
L 93.091 20.8026 93.091 21.1074 0 P 0
L 93.091 21.6916 93.091 21.9964 0 P 0
L 93.091 22.7076 93.091 23.0124 0 P 0
L 93.10810944 19.98800168 93.10810944 20.29280168 0 P 0
L 93.218 -1.74999904 93.218 1.74999904 0 P 0
L 93.218 24.92000096 93.218 28.41999904 0 P 0
L 93.34000128 11.58500096 94.53999888 11.58500096 0 P 0
L 93.34000128 15.08500158 94.53999888 15.08500158 0 P 0
L 93.5736 6.604 93.8784 6.604 0 P 0
L 93.7006 18.796 94.0054 18.796 0 P 0
L 93.7006 19.685 94.0054 19.685 0 P 0
L 93.7006 20.574 94.0054 20.574 0 P 0
L 93.7006 21.463 94.0054 21.463 0 P 0
L 93.7006 22.352 94.0054 22.352 0 P 0
L 93.726 6.4516 93.726 6.7564 0 P 0
L 93.853 18.6436 93.853 18.9484 0 P 0
L 93.853 19.5326 93.853 19.8374 0 P 0
L 93.853 20.4216 93.853 20.7264 0 P 0
L 93.853 21.3106 93.853 21.6154 0 P 0
L 93.853 22.1996 93.853 22.5044 0 P 0
L 93.94000008 10.98500216 93.94000008 12.18499976 0 P 0
L 93.94000008 14.48500278 93.94000008 15.68500038 0 P 0
L 94.4626 19.177 94.7674 19.177 0 P 0
L 94.4626 20.066 94.7674 20.066 0 P 0
L 94.4626 20.955 94.7674 20.955 0 P 0
L 94.4626 21.844 94.7674 21.844 0 P 0
L 94.4626 22.733 94.7674 22.733 0 P 0
L 94.615 19.0246 94.615 19.3294 0 P 0
L 94.615 19.9136 94.615 20.2184 0 P 0
L 94.615 20.8026 94.615 21.1074 0 P 0
L 94.615 21.6916 94.615 21.9964 0 P 0
L 94.615 22.5806 94.615 22.8854 0 P 0
